f36
0 1 2 3 4 5 6 7 8 9 10 11 12 13 14 15 16 17 
f31
18 19 20 21 11 22 23 24 25 26 27 28 29 30 31 32 33 34 35 36 37 38 39 40 41 
f23
42 43 22 44 9 10 45 11 46 11 21 20 14 47 48 49 50 51 52 51 53 54 55 56 57 58 59 60 61 62 63 64 65 1 31 66 26 27 8 67 68 69 70 71 72 42 
f06C
73 14 74 75 74 14 76 77 78 79 80 81 
f06B
73 14 74 75 74 14 76 77 82 83 
b17
84 85 86 87 88 87 89 90 91 92 93 94 95 96 97 98 99 31 33 100 33 101 
f15
102 103 104 98 97 96 105 106 107 108 94 93 92 91 109 110 
b01
111 112 113 114 115 116 117 51 118 119 120 121 68 122 123 124 5 62 63 64 65 1 31 99 98 125 104 103 102 
b108
126 127 128 129 
b06C
81 80 79 78 77 76 14 73 
b31
41 130 131 132 133 37 35 34 134 32 1 135 2 136 137 138 139 140 141 142 9 11 46 11 21 20 19 18 
f11
143 144 145 68 25 26 27 28 29 30 146 31 99 147 104 98 148 149 150 151 
b15
110 109 91 92 93 108 94 107 106 94 96 97 98 103 102 
f03A
73 14 152 120 121 68 153 154 31 146 31 99 98 125 104 103 102 
f17
101 33 32 31 99 98 97 96 95 106 94 92 91 90 155 156 75 156 87 84 
b100
157 158 159 160 149 148 161 162 163 162 164 165 166 167 125 98 99 31 33 32 33 
b11
151 150 149 148 98 103 102 103 104 147 99 31 168 31 66 26 27 68 123 169 144 143 
b06B
83 82 170 76 14 73 
f01
102 103 104 98 99 31 33 171 33 1 172 135 2 3 4 5 6 7 8 152 119 173 118 51 174 116 115 114 113 112 111 
b06A
175 176 177 178 179 180 78 181 182 183 76 14 73 
f06A
73 14 74 14 76 184 183 182 181 78 180 179 178 177 175 
f108
129 128 127 126 
b36
17 16 15 14 185 14 13 12 22 23 8 7 6 5 62 64 65 1 31 186 31 0 
b23
42 43 187 25 68 67 26 27 28 29 30 31 32 33 172 135 188 65 189 190 59 58 57 56 55 54 53 51 50 191 48 47 14 192 14 20 21 11 193 11 45 10 194 22 43 42 
b03A
102 103 104 98 99 31 146 31 154 153 68 123 24 152 14 195 73 
f100
33 32 33 31 99 98 125 167 166 165 162 163 162 161 148 149 160 159 196 197 f36
0 1 2 3 4 5 6 7 8 9 10 11 12 13 14 15 16 17 
f31
18 19 20 21 11 22 23 24 25 26 27 28 29 30 31 32 33 34 35 36 37 38 39 40 41 
f23
42 43 22 44 9 10 45 11 46 11 21 20 14 47 48 49 50 51 52 51 53 54 55 56 57 58 59 60 61 62 63 64 65 1 31 66 26 27 8 67 68 69 70 71 72 42 
f06C
73 14 74 75 74 14 76 77 78 79 80 81 
f06B
73 14 74 75 74 14 76 77 82 83 
b17
84 85 86 87 88 87 89 90 91 92 93 94 95 96 97 98 99 31 33 100 33 101 
f15
102 103 104 98 97 96 105 106 107 108 94 93 92 91 109 110 
b01
111 112 113 114 115 116 117 51 118 119 120 121 68 122 123 124 5 62 63 64 65 1 31 99 98 125 104 103 102 
b108
126 127 128 129 
b06C
81 80 79 78 77 76 14 73 
b31
41 130 131 132 133 37 35 34 134 32 1 135 2 136 137 138 139 140 141 142 9 11 46 11 21 20 19 18 
f11
143 144 145 68 25 26 27 28 29 30 146 31 99 147 104 98 148 149 150 151 
b15
110 109 91 92 93 108 94 107 106 94 96 97 98 103 102 
f03A
73 14 152 120 121 68 153 154 31 146 31 99 98 125 104 103 102 
f17
101 33 32 31 99 98 97 96 95 106 94 92 91 90 155 156 75 156 87 84 
b100
157 158 159 160 149 148 161 162 163 162 164 165 166 167 125 98 99 31 33 32 33 
b11
151 150 149 148 98 103 102 103 104 147 99 31 168 31 66 26 27 68 123 169 144 143 
b06B
83 82 170 76 14 73 
f01
102 103 104 98 99 31 33 171 33 1 172 135 2 3 4 5 6 7 8 152 119 173 118 51 174 116 115 114 113 112 111 
b06A
175 176 177 178 179 180 78 181 182 183 76 14 73 
f06A
73 14 74 14 76 184 183 182 181 78 180 179 178 177 175 
f108
129 128 127 126 
b36
17 16 15 14 185 14 13 12 22 23 8 7 6 5 62 64 65 1 31 186 31 0 
b23
42 43 187 25 68 67 26 27 28 29 30 31 32 33 172 135 188 65 189 190 59 58 57 56 55 54 53 51 50 191 48 47 14 192 14 20 21 11 193 11 45 10 194 22 43 42 
b03A
102 103 104 98 99 31 146 31 154 153 68 123 24 152 14 195 73 
f100
33 32 33 31 99 98 125 167 166 165 162 163 162 161 148 149 160 159 196 197 
f36
0 1 2 3 4 5 6 7 8 9 10 11 12 13 14 15 16 17 
f31
18 19 20 21 11 22 23 24 25 26 27 28 29 30 31 32 33 34 35 36 37 38 39 40 41 
f23
42 43 22 44 9 10 45 11 46 11 21 20 14 47 48 49 50 51 52 51 53 54 55 56 57 58 59 60 61 62 63 64 65 1 31 66 26 27 8 67 68 69 70 71 72 42 
f06C
73 14 74 75 74 14 76 77 78 79 80 81 
f06B
73 14 74 75 74 14 76 77 82 83 
b17
84 85 86 87 88 87 89 90 91 92 93 94 95 96 97 98 99 31 33 100 33 101 
f15
102 103 104 98 97 96 105 106 107 108 94 93 92 91 109 110 
b01
111 112 113 114 115 116 117 51 118 119 120 121 68 122 123 124 5 62 63 64 65 1 31 99 98 125 104 103 102 
b108
126 127 128 129 
b06C
81 80 79 78 77 76 14 73 
b31
41 130 131 132 133 37 35 34 134 32 1 135 2 136 137 138 139 140 141 142 9 11 46 11 21 20 19 18 
f11
143 144 145 68 25 26 27 28 29 30 146 31 99 147 104 98 148 149 150 151 
b15
110 109 91 92 93 108 94 107 106 94 96 97 98 103 102 
f03A
73 14 152 120 121 68 153 154 31 146 31 99 98 125 104 103 102 
f17
101 33 32 31 99 98 97 96 95 106 94 92 91 90 155 156 75 156 87 84 
b100
157 158 159 160 149 148 161 162 163 162 164 165 166 167 125 98 99 31 33 32 33 
b11
151 150 149 148 98 103 102 103 104 147 99 31 168 31 66 26 27 68 123 169 144 143 
b06B
83 82 170 76 14 73 
f01
102 103 104 98 99 31 33 171 33 1 172 135 2 3 4 5 6 7 8 152 119 173 118 51 174 116 115 114 113 112 111 
b06A
175 176 177 178 179 180 78 181 182 183 76 14 73 
f06A
73 14 74 14 76 184 183 182 181 78 180 179 178 177 175 
f108
129 128 127 126 
b36
17 16 15 14 185 14 13 12 22 23 8 7 6 5 62 64 65 1 31 186 31 0 
b23
42 43 187 25 68 67 26 27 28 29 30 31 32 33 172 135 188 65 189 190 59 58 57 56 55 54 53 51 50 191 48 47 14 192 14 20 21 11 193 11 45 10 194 22 43 42 
b03A
102 103 104 98 99 31 146 31 154 153 68 123 24 152 14 195 73 
f100
33 32 33 31 99 98 125 167 166 165 162 163 162 161 148 149 160 159 196 197 
f36
0 1 2 3 4 5 6 7 8 9 10 11 12 13 14 15 16 17 
f31
18 19 20 21 11 22 23 24 25 26 27 28 29 30 31 32 33 34 35 36 37 38 39 40 41 
f23
42 43 22 44 9 10 45 11 46 11 21 20 14 47 48 49 50 51 52 51 53 54 55 56 57 58 59 60 61 62 63 64 65 1 31 66 26 27 8 67 68 69 70 71 72 42 
f06C
73 14 74 75 74 14 76 77 78 79 80 81 
f06B
73 14 74 75 74 14 76 77 82 83 
b17
84 85 86 87 88 87 89 90 91 92 93 94 95 96 97 98 99 31 33 100 33 101 
f15
102 103 104 98 97 96 105 106 107 108 94 93 92 91 109 110 
b01
111 112 113 114 115 116 117 51 118 119 120 121 68 122 123 124 5 62 63 64 65 1 31 99 98 125 104 103 102 
b108
126 127 128 129 
b06C
81 80 79 78 77 76 14 73 
b31
41 130 131 132 133 37 35 34 134 32 1 135 2 136 137 138 139 140 141 142 9 11 46 11 21 20 19 18 
f11
143 144 145 68 25 26 27 28 29 30 146 31 99 147 104 98 148 149 150 151 
b15
110 109 91 92 93 108 94 107 106 94 96 97 98 103 102 
f03A
73 14 152 120 121 68 153 154 31 146 31 99 98 125 104 103 102 
f17
101 33 32 31 99 98 97 96 95 106 94 92 91 90 155 156 75 156 87 84 
b100
157 158 159 160 149 148 161 162 163 162 164 165 166 167 125 98 99 31 33 32 33 
b11
151 150 149 148 98 103 102 103 104 147 99 31 168 31 66 26 27 68 123 169 144 143 
b06B
83 82 170 76 14 73 
f01
102 103 104 98 99 31 33 171 33 1 172 135 2 3 4 5 6 7 8 152 119 173 118 51 174 116 115 114 113 112 111 
b06A
175 176 177 178 179 180 78 181 182 183 76 14 73 
f06A
73 14 74 14 76 184 183 182 181 78 180 179 178 177 175 
f108
129 128 127 126 
b36
17 16 15 14 185 14 13 12 22 23 8 7 6 5 62 64 65 1 31 186 31 0 
b23
42 43 187 25 68 67 26 27 28 29 30 31 32 33 172 135 188 65 189 190 59 58 57 56 55 54 53 51 50 191 48 47 14 192 14 20 21 11 193 11 45 10 194 22 43 42 
b03A
102 103 104 98 99 31 146 31 154 153 68 123 24 152 14 195 73 
f100
33 32 33 31 99 98 125 167 166 165 162 163 162 161 148 149 160 159 196 197 
